51.666666666666664
59.666666666666664
67.0
67.66666666666667
74.66666666666667
49.333333333333336
63.0
40.333333333333336
84.66666666666667
51.0
49.666666666666664
65.66666666666667
47.666666666666664
84.33333333333333
70.33333333333333
70.0
50.666666666666664
80.66666666666667
78.33333333333333
56.333333333333336
63.666666666666664
45.666666666666664
59.0
41.666666666666664
69.0
69.33333333333333
68.0
47.0
50.666666666666664
74.0
55.666666666666664
75.33333333333333
71.33333333333333
55.666666666666664
70.0
68.33333333333333
82.66666666666667
60.333333333333336
80.0
56.333333333333336
85.0
36.333333333333336
71.66666666666667
46.333333333333336
73.33333333333333
62.666666666666664
86.66666666666667
50.666666666666664
73.66666666666667
61.333333333333336
80.0
75.33333333333333
68.0
50.0
74.33333333333333
56.333333333333336
68.33333333333333
76.33333333333333
63.666666666666664
74.66666666666667
53.666666666666664
68.66666666666667
57.333333333333336
60.0
55.333333333333336
60.0
58.666666666666664
57.0
61.666666666666664
42.0
78.33333333333333
72.33333333333333
79.66666666666667
68.33333333333333
59.666666666666664
68.0
61.666666666666664
52.0
63.333333333333336
62.666666666666664
62.333333333333336
90.0
69.0
67.33333333333333
60.666666666666664
57.333333333333336
90.66666666666667
62.666666666666664
68.0
56.666666666666664
63.666666666666664
55.666666666666664
74.0
49.333333333333336
55.0
79.0
78.33333333333333
51.0
67.66666666666667
74.33333333333333
48.333333333333336
70.66666666666667
87.66666666666667
81.66666666666667
74.66666666666667
44.666666666666664
56.0
72.33333333333333
63.333333333333336
63.54128440366973 63.28440366972477 66.75229357798165